0 -> 1 (2)
0 -> 2 (3)
1 -> 7 (8)
2 -> 9 (10)
2 -> 14 (15)
14 -> 12 (13)
12 -> 4 (5)
12 -> 5 (6)
12 -> 15 (16)
9 -> 17 (18)
5 -> 20 (21)
20 -> 10 (11)
10 -> 16 (17)
0 -> 21 (22)
12 -> 25 (26)
14 -> 27 (28)
4 -> 28 (29)
15 -> 29 (30)
5 -> 30 (31)
30 -> 18 (19)
14 -> 33 (34)
30 -> 34 (35)
9 -> 35 (36)
35 -> 19 (20)
19 -> 32 (33)
32 -> 31 (32)
31 -> 6 (7)
6 -> 23 (24)
23 -> 36 (37)
17 -> 37 (38)
14 -> 38 (39)
19 -> 39 (40)
39 -> 11 (12)
28 -> 40 (41)
12 -> 41 (42)
0 -> 42 (43)
14 -> 43 (44)
27 -> 44 (45)
44 -> 8 (9)
41 -> 45 (46)
45 -> 13 (14)
45 -> 24 (25)
25 -> 46 (47)
1 -> 47 (48)
7 -> 48 (49)
21 -> 49 (50)
32 -> 51 (52)
43 -> 52 (53)
19 -> 53 (54)
6 -> 54 (55)
54 -> 3 (4)
3 -> 26 (27)
54 -> 50 (51)
50 -> 22 (23)
23 -> 55 (56)
2 -> 56 (57)
19 -> 57 (58)
13 -> 58 (59)
36 -> 59 (60)
10 -> 60 (61)
35 -> 61 (62)
14 -> 62 (63)
49 -> 63 (64)
14 -> 64 (65)
33 -> 65 (66)
29 -> 66 (67)
54 -> 67 (68)
22 -> 68 (69)
15 -> 69 (70)
59 -> 70 (71)
40 -> 71 (72)
10 -> 72 (73)
35 -> 73 (74)
24 -> 74 (75)
46 -> 75 (76)
17 -> 76 (77)
72 -> 77 (78)
13 -> 78 (79)
15 -> 79 (80)
13 -> 80 (81)
33 -> 81 (82)
6 -> 82 (83)
11 -> 83 (84)
16 -> 84 (85)
39 -> 85 (86)
57 -> 86 (87)
30 -> 87 (88)
2 -> 88 (89)
56 -> 89 (90)
43 -> 90 (91)
80 -> 91 (92)
47 -> 92 (93)
66 -> 93 (94)
67 -> 94 (95)
24 -> 95 (96)
1 -> 96 (97)
79 -> 97 (98)
70 -> 98 (99)
89 -> 99 (100)
